function BL = CreatePowerGrid()

% PowerGrid load (kWh)
BL = 0.5*[23484 22073 21065 20376 20001 19893 19764 19550 ...
    19684 19756 20259 20986 22086 23389 24950 26749 28821 31014 32883 33530 ...
    32699 32337 30485 27584 23484 22073 21065 20376 20001 19893 19764 19550 ...
    19684 19756 20259 20986 22086 23389 24950 26749 28821 31014 32883 33530 ...
    32699 32337 30485 27584 28557 26715 24907 23922 23517 23890 24825 26503 ...
    28084 29256 30846 32910 35141 36972 39305 40761 41829 42626 42513 41415 ...
    39988 38654 35918 32389];








% PowerGrid.PLoad.Day3 = 0.5*[28557 26715 24907 23922 23517 23890 24825 26503 28084 29256 30846 32910 35141 36972 39305 40761 41829 42626 42513 41415 39988 38654 35918 32389];
% PowerGrid.PLoad.Day4 = 0.5*[29346 27365 25926 24872 24474 24894 26001 27534 ...
%     28886 29857 31176 32212 33434 34857 36416 37726 38913 39412 39455 ...
%     38536 36909 35589 32986 29704];
% PowerGrid.PLoad.Day5 = 0.5*[27044 25458 24066 23105 22817 23375 24384 25757 ...
%     26676 27302 27227 27705 27864 28591 29503 30291 31425 32291 32797 ...
%     32788 31948 31522 29801 27208];
% PowerGrid.PLoad.Day6 = 0.5*[25084 23541 22490 21823 21714 22292 23372 24532 ...
%     25332 25923 25776 25629 25603 25742 26354 27081 27935 29063 29812 ...
%     30050 29587 29558 28145 25991];
% PowerGrid.PLoad.Day7 = 0.5*[24298 23128 22204 21510 21125 21225 21360 21883 ...
%     22412 22923 22943 22632 22506 22880 23290 24199 25172 26344 27387 ...
%     27844 27739 27969 26808 25050];
% PowerGrid.PLoad.Day8 = 0.5*[23364 22150 21196 20585 20313 20230 20059 20167 ...
%     20621 20942 21170 20943 20693 20863 21497 22468 23803 25250 26437 ...
%     27082 27367 27632 26424 24578];
% PowerGrid.PLoad.Day9 = 0.5*[22820 21946 21127 20765 20770 21321 22641 24308 ...
%     25355 25768 26062 26255 26309 27007 27817 28544 29299 30281 31089 ...
%     31451 31372 31143 29451 26775];
% PowerGrid.PLoad.Day10 = 0.5*[24732 23663 22500 21993 21789 22520 23505 25176 ...
%     26152 26708 27138 27521 27866 28519 29259 30125 31098 32240 33119 33407 ...
%     32824 32460 30554 27661];
% PowerGrid.PLoad.Day11 = 0.5*[25603 23932 22940 22261 22053 22664 23665 25346 ...
%     26314 26910 26961 27056 27741 28756 29795 30882 32045 32973 33587 33570 ...
%     32851 32378 30576 27743];
% 
% Daylong = numel(PowerGrid.PLoad.Day1);
% 
% PowerGrid.Pavg.Day1 = mean(PowerGrid.PLoad.Day1)*ones(1,Daylong);
% PowerGrid.Pavg.Day2 = mean(PowerGrid.PLoad.Day2)*ones(1,Daylong);
% PowerGrid.Pavg.Day3 = mean(PowerGrid.PLoad.Day3)*ones(1,Daylong);
% PowerGrid.Pavg.Day4 = mean(PowerGrid.PLoad.Day4)*ones(1,Daylong);
% PowerGrid.Pavg.Day5 = mean(PowerGrid.PLoad.Day5)*ones(1,Daylong);
% PowerGrid.Pavg.Day6 = mean(PowerGrid.PLoad.Day6)*ones(1,Daylong);
% PowerGrid.Pavg.Day7 = mean(PowerGrid.PLoad.Day7)*ones(1,Daylong);
% PowerGrid.Pavg.Day8 = mean(PowerGrid.PLoad.Day8)*ones(1,Daylong);
% PowerGrid.Pavg.Day9 = mean(PowerGrid.PLoad.Day9)*ones(1,Daylong);
% PowerGrid.Pavg.Day10 = mean(PowerGrid.PLoad.Day10)*ones(1,Daylong);
% PowerGrid.Pavg.Day11 = mean(PowerGrid.PLoad.Day11)*ones(1,Daylong);
%
% % Price for each KWh ($/kWH)
% PowerGrid.Price.Day1 = 0.001*[171.09,159.53,158.04,151.40,147.23,143.91,137.23...
%     ,137.00,133.65,139.83,151.35,161.60,302.47,373.14,373.52,246.24,299.84...
%     ,220.29,228.41,219.24,259.51,485.18,493.68,332.37,215.32,202.06,202.21...
%     ,211.19,231.47,171.30,171.78,242.78,222.36,232.45,226.22,168.23,171.18...
%     ,168.18,168.18,169.24,163.2,181.38,179.28,169.22,159.12,155.98,154.04,147.38];
% PowerGrid.Price.Day2 = 0.001*[161.04,147.34,131.02,126.03,131.05,131.02,130.98...
%     ,126.19,126.19,130.98,131.05,151.37,166.98,171.60,177.27,169.18,178.28...
%     ,159.21,161.70,163.17,164.20,169.24,169.23,163.18,161.60,161.62,164.21...
%     ,166.22,163.27,166.23,207.91,207.91,303.44,325.96,179.91,169.24,166.21...
%     ,171.30,171.80,171.30,169.53,167.32,157.10,152.99,149.38,143.30,131.04,126.26];
% PowerGrid.Price.Day3 = 0.001*[131.00,130.98,130.97,129.08,128.38,122.79,120.30...
%     ,119.83,116.21,120.31,120.83,130.98,140.09,142.95,145.84,142.95,151.46...
%     ,151.48,161.12,161.60,166.21,167.21,161.58,161.58,159.12,161.59,161.58...
%     ,169.20,169.22,169.21,170.53,171.70,169.19,161.59,157.30,155.91,152.01...
%     ,156.11,156.09,154.09,151.48,157.32,157.06,151.87,147.33,134.99,131.03,131.03];
% PowerGrid.Price.Day4 = 0.001*[142.47,143.02,142.87,140.20,142.45,142.37,140.00...
%     ,139.99,140.04,140.04,140.01,140.02,140.04,140.18,140.18,143.11,142.82...
%     ,143.49,153.90,158.06,161.55,165.13,165.13,161.07,160.05,158.05,157.39...
%     ,156.01,155.00,153.88,150.96,150.96,143.30,143.30,143.30,143.29,143.30...
%     ,143.31,152.98,153.92,153.01,153.01,153.00,143.33,140.26,140.11,140.08,143.34];
% PowerGrid.Price.Day5 = 0.001*[150.57,141.21,130.98,130.96,127.93,123.14,120.84...
%     ,120.77,120.35,120.29,120.36,121.71,124.73,126.16,126.15,129.08,131.15...
%     ,141.26,147.32,151.36,147.31,150.94,147.30,147.28,147.17,147.14,147.29...
%     ,147.29,147.29,141.23,141.25,141.23,131.12,131.13,131.13,131.14,141.25...
%     ,147.36,154.93,158.11,158.81,158.81,158.12,153.93,147.35,131.37,142.02,131.15];
% PowerGrid.Price.Day6 = 0.001*[126.05,126.06,125.46,109.64,109.44,109.68,108.64...
%     ,110.02,110.02,108.58,109.62,125.65,130.96,131.24,140.31,140.30,151.45...
%     ,151.47,156.11,161.09,161.60,161.58,161.06,156.07,154.06,151.47,157.33...
%     ,161.58,161.59,161.59,164.15,161.58,161.57,157.34,151.47,147.39,146.05...
%     ,147.43,147.41,147.41,147.39,151.43,151.43,147.38,143.82,143.28,131.03,130.79];
% PowerGrid.Price.Day7 = 0.001*[138.01,138.07,137.97,127.83,120.80,128.65,128.02...
%     ,120.56,120.36,120.80,123.61,129.10,138.05,140.04,148.33,148.38,158.50...
%     ,158.51,158.57,158.61,175.63,176.26,175.52,167.18,158.12,167.20,168.87...
%     ,175.53,178.93,178.28,173.90,168.87,168.19,166.18,157.55,147.99,145.99...
%     ,157.49,178.26,169.18,157.64,201.96,169.17,157.05,178.25,157.52,140.93,135.10];
% PowerGrid.Price.Day8 = 0.001*[156.11,144.02,143.27,143.16,142.84,142.68,140.89...
%     ,142.31,140.82,142.33,142.80,145.88,145.97,151.16,147.85,147.91,158.52...
%     ,156.09,157.10,158.53,159.14,167.20,158.63,157.15,156.13,156.13,158.09...
%     ,158.51,158.60,158.59,158.57,159.11,159.14,158.60,156.13,151.43,146.99...
%     ,156.13,156.16,160.13,158.12,167.12,184.50,159.11,156.95,148.00,144.13,131.33];
% PowerGrid.Price.Day9 = 0.001*[150.77,144.02,140.77,132.12,131.88,131.82,130.59...
%     ,130.60,130.59,130.63,132.15,145.88,144.09,150.79,151.42,151.43,158.57...
%     ,158.52,158.51,160.09,160.12,164.13,160.92,159.09,159.10,161.12,170.21...
%     ,174.25,173.86,170.42,170.34,538.03,514.05,272.82,202.03,184.39,173.78...
%     ,178.81,170.22,169.19,173.24,173.89,180.68,171.75,158.53,156.00,153.85,150.95];
% PowerGrid.Price.Day10 = 0.001*[138.01,138.07,137.97,127.83,120.80,128.65,128.02...
%     ,120.56,120.36,120.80,123.61,129.10,138.05,140.04,148.33,148.38,158.50...
%     ,158.51,158.57,158.61,175.63,176.26,175.52,167.18,158.12,167.20,168.87...
%     ,175.53,178.93,178.28,173.90,168.87,168.19,166.18,157.55,147.99,145.99...
%     ,157.49,178.26,169.18,157.64,201.96,169.17,157.05,178.25,157.52,140.93,135.10];
% PowerGrid.Price.Day9 = 0.001*[156.11,144.02,143.27,143.16,142.84,142.68,140.89...
%     ,142.31,140.82,142.33,142.80,145.88,145.97,151.16,147.85,147.91,158.52...
%     ,156.09,157.10,158.53,159.14,167.20,158.63,157.15,156.13,156.13,158.09...
%     ,158.51,158.60,158.59,158.57,159.11,159.14,158.60,156.13,151.43,146.99...
%     ,156.13,156.16,160.13,158.12,167.12,184.50,159.11,156.95,148.00,144.13,131.33];
